0 49
0 73
1 73
1 74
2 74
2 75
3 75
3 76
4 76
4 77
5 77
5 78
6 78
7 49
7 79
8 79
8 80
9 80
9 81
10 81
10 82
11 82
11 83
12 83
12 84
13 56
13 84
14 57
14 85
15 85
15 86
16 86
16 87
17 87
17 88
18 88
18 89
19 89
19 90
20 56
20 90
21 57
21 91
22 91
22 92
23 92
23 93
24 93
24 94
25 94
25 95
26 95
26 96
27 64
27 96
28 65
28 97
29 97
29 98
30 98
30 99
31 99
31 100
32 100
32 101
33 101
33 102
34 64
34 102
35 65
35 103
36 103
36 104
37 104
37 105
38 105
38 106
39 106
39 107
40 107
40 108
41 72
41 108
42 109
43 109
43 110
44 110
44 111
45 111
45 112
46 112
46 113
47 113
47 114
48 72
48 114
50 74
50 80
51 76
51 82
52 78
52 84
53 79
53 85
54 81
54 87
55 83
55 89
58 86
58 92
59 88
59 94
60 90
60 96
61 91
61 97
62 93
62 99
63 95
63 101
66 98
66 104
67 100
67 106
68 102
68 108
69 103
69 109
70 105
70 111
71 107
71 113
